4.873839 140.364438 1577.874429 53.603550
4.705130 140.358421 1577.849670 50.154823
4.711935 140.349219 1577.821973 47.032975
4.867575 140.336860 1577.791341 44.208448
5.135752 140.321374 1577.757774 41.651507
5.480543 140.302791 1577.721276 39.333747
5.872262 140.281140 1577.681848 37.228902
6.288855 140.256453 1577.639493 35.313196
6.714930 140.228760 1577.594212 33.565406
7.140162 140.198092 1577.546006 31.966753
7.558375 140.164461 1577.494879 30.492401
7.969003 140.127889 1577.440848 29.151417
8.366558 140.088385 1577.383918 27.924877
8.749433 140.045969 1577.324085 26.784348
9.116013 140.000672 1577.261354 25.728141
9.466141 139.952524 1577.195725 24.747699
9.800019 139.901558 1577.127203 23.835508
10.118880 139.847798 1577.055788 22.991557
10.424532 139.791263 1576.981491 22.199141
10.716987 139.731975 1576.904307 21.460615
10.997761 139.669951 1576.824247 20.765735
11.265308 139.605220 1576.741313 20.112765
11.520384 139.537812 1576.655507 19.498099
11.761785 139.467784 1576.566843 18.925826
11.992819 139.395159 1576.475325 18.380877
12.221234 139.319928 1576.380953 17.859825
12.444637 139.242084 1576.283737 17.373168
12.658780 139.161658 1576.183678 16.911368
12.864299 139.078678 1576.080778 16.472567
13.061805 138.993171 1575.975040 16.055086
13.254625 138.905143 1575.866459 15.657751
13.443323 138.814609 1575.755025 15.281989
13.626696 138.721583 1575.640740 14.923963
13.804175 138.626092 1575.523608 14.581854
13.976217 138.528165 1575.403628 14.254584
14.143233 138.427829 1575.280802 13.941160
14.305590 138.325111 1575.155132 13.640747
14.465152 138.220025 1575.026618 13.346742
14.621636 138.112578 1574.895265 13.067772
14.774601 138.002797 1574.761075 12.799803
14.924772 137.890712 1574.624036 12.541416
15.073668 137.776326 1574.484150 12.292440
15.219867 137.659665 1574.341417 12.052699
15.363556 137.540757 1574.195838 11.821824
15.504876 137.419629 1574.047414 11.599268
15.644033 137.296308 1573.896145 11.384583
15.781214 137.170819 1573.742030 11.177354
15.917136 137.043184 1573.585082 10.977057
16.052309 136.913416 1573.425294 10.783745
16.185951 136.781542 1573.262666 10.596792
16.318293 136.647584 1573.097205 10.415612
16.454408 136.511521 1572.928913 10.231021
16.596394 136.373328 1572.757784 10.058626
16.737156 136.233032 1572.583818 9.891596
16.880052 136.090633 1572.407009 9.729088
17.023243 135.946143 1572.227362 9.575295
17.165866 135.799573 1572.044873 9.425710
17.310000 135.650927 1571.859548 9.273940
17.454060 135.500220 1571.671391 9.124423
17.603998 135.347414 1571.480405 8.990754
17.756705 135.192503 1571.286577 8.857181
17.916734 135.035432 1571.089904 8.723952
18.077924 134.876212 1570.890362 8.596459
18.240022 134.714857 1570.687952 8.473099
18.403077 134.551373 1570.482676 8.352828
18.565960 134.385776 1570.274526 8.235783
18.728993 134.218079 1570.063511 8.120221
18.892019 134.048296 1569.849638 8.010622
19.053513 133.876456 1569.632907 7.903728
19.216411 133.702560 1569.413319 7.799222
19.382196 133.526607 1569.190892 7.696575
19.548503 133.348604 1568.965635 7.594926
19.716591 133.168545 1568.737556 7.496387
19.884939 132.986433 1568.506642 7.400271
20.052833 132.802293 1568.272880 7.304113
20.218788 132.616155 1568.036272 7.210128
20.382763 132.428051 1567.796816 7.118244
20.544719 132.238015 1567.554513 7.028390
20.709293 132.046033 1567.309374 6.940872
20.875361 131.852108 1567.061415 6.849305
21.046371 131.656211 1566.810629 6.759933
21.215675 131.458366 1566.557014 6.673524
21.388224 131.258562 1566.300575 6.593433
21.564504 131.056771 1566.041312 6.514570
21.740849 130.852997 1565.779211 6.435484
21.919850 130.647214 1565.514303 6.358771
22.098606 130.439437 1565.246581 6.283434
22.277325 130.229675 1564.976023 6.207027
22.456643 130.017935 1564.702631 6.134290
22.634834 129.804233 1564.426410 6.063346
22.812500 129.588574 1564.147342 5.994107
22.987165 129.370994 1563.865428 5.926293
23.164221 129.151477 1563.580676 5.859206
23.339483 128.930049 1563.293089 5.793579
23.514997 128.706714 1563.002661 5.730011
23.696650 128.481430 1562.709412 5.671768
23.880134 128.254187 1562.413308 5.613891
24.062299 128.025011 1562.114363 5.556974
24.243866 127.793908 1561.812579 5.499530
24.424154 127.560900 1561.507962 5.444293
24.612501 127.325921 1561.200485 5.388277
24.801923 127.088961 1560.890142 5.336343
24.989018 126.850048 1560.576936 5.283683
25.176010 126.609191 1560.260868 5.229722
25.365567 126.366365 1559.941923 5.178312
25.553745 126.121582 1559.620108 5.131004
25.741605 125.874847 1559.295408 5.080673
25.931943 125.626136 1558.967838 5.032869
26.121688 125.375459 1558.637382 4.987546
26.311205 125.122818 1558.304051 4.946849
26.500261 124.868224 1557.967836 4.906660
26.689870 124.611682 1557.628743 4.864792
26.877778 124.353208 1557.286761 4.824829
27.062518 124.092833 1556.941874 4.785434
27.244315 123.830579 1556.594081 4.745961
27.427818 123.566437 1556.243392 4.705784
27.608644 123.300435 1555.889812 4.668284
27.788825 123.032577 1555.533361 4.631065
27.972287 122.762827 1555.174059 4.595063
28.161456 122.491136 1554.811909 4.557753
28.350487 122.217504 1554.446884 4.521630
28.540837 121.941910 1554.078983 4.486738
28.732921 121.664342 1553.708188 4.453472
28.923330 121.384817 1553.334488 4.419056
29.111122 121.103365 1552.957885 4.385531
29.297643 120.819997 1552.578380 4.353316
29.481963 120.534741 1552.195981 4.323023
29.663609 120.247625 1551.810695 4.292047
29.841793 119.958683 1551.422516 4.260328
30.014905 119.667967 1551.031444 4.229260
30.184936 119.375504 1550.637476 4.200872
30.351013 119.081330 1550.240610 4.172907
30.512231 118.785495 1549.840849 4.144372
30.670691 118.488035 1549.438195 4.116590
30.829197 118.188944 1549.032646 4.089141
30.985103 117.888250 1548.624197 4.061447
31.138812 117.585977 1548.212857 4.034401
31.295666 117.282108 1547.798630 4.009306
31.452466 116.976649 1547.381530 3.983321
31.612574 116.669573 1546.961553 3.958407
31.771413 116.360894 1546.538697 3.934370
31.937445 116.050544 1546.112940 3.907153
32.100771 115.738550 1545.684268 3.880409
32.260139 115.424951 1545.252674 3.855010
32.417616 115.109771 1544.818171 3.830154
32.574866 114.793022 1544.380771 3.805710
32.737264 114.474658 1543.940467 3.781724
32.904997 114.154637 1543.497257 3.756767
33.077293 113.832926 1543.051152 3.730469
33.251474 113.509518 1542.602139 3.704410
33.426879 113.184404 1542.150221 3.680896
33.603075 112.857583 1541.695387 3.658379
33.776612 112.529076 1541.237636 3.637912
33.946552 112.198920 1540.776963 3.617097
34.116954 111.867112 1540.313373 3.596022
34.285070 111.533678 1539.846881 3.577790
34.454542 111.198607 1539.377481 3.561761
34.632119 110.861827 1538.905192 3.543562
34.819352 110.523254 1538.430034 3.527066
35.016514 110.182800 1537.951993 3.509021
35.220408 109.840405 1537.471060 3.492215
35.428124 109.496027 1536.987209 3.478112
35.629834 109.149724 1536.500430 3.463661
35.832466 108.801480 1536.010734 3.446360
36.038793 108.451256 1535.518138 3.432163
36.252193 108.098994 1535.022628 3.416260
36.467605 107.744677 1534.524234 3.402765
36.683917 107.388313 1534.022940 3.389216
36.903683 107.029861 1533.518714 3.375549
37.123723 106.669322 1533.011567 3.363760
37.349499 106.306651 1532.501504 3.352216
37.573629 105.941879 1531.988553 3.342282
37.807056 105.574939 1531.472692 3.328871
38.041647 105.205820 1530.953943 3.316019
38.267628 104.834603 1530.432286 3.303332
38.485975 104.461351 1529.907702 3.290248
38.703759 104.086066 1529.380230 3.280348
38.917878 103.708774 1528.849873 3.269476
39.135471 103.329439 1528.316623 3.259351
39.348736 102.948106 1527.780461 3.250072
39.564800 102.564748 1527.241395 3.240667
39.782387 102.179362 1526.699429 3.230555
40.005236 101.791918 1526.154574 3.219118
40.242906 101.402265 1525.606824 3.203679
40.483970 101.010372 1525.056144 3.192148
40.727048 100.616211 1524.502534 3.178870
40.968374 100.219788 1523.946000 3.165588
41.209436 99.821115 1523.386536 3.155865
41.444192 99.420254 1522.824117 3.146185
41.670966 99.017266 1522.258716 3.137384
41.893363 98.612193 1521.690351 3.127091
42.114956 98.205043 1521.119014 3.115463
42.340715 97.795781 1520.544734 3.104098
42.574788 97.384330 1519.967477 3.094599
42.804162 96.970729 1519.387212 3.084447
43.027690 96.555026 1518.803952 3.075648
43.256247 96.137180 1518.217679 3.067062
43.488557 95.717141 1517.628360 3.057346
43.726448 95.294843 1517.036006 3.048956
43.967242 94.870261 1516.440602 3.039247
44.205637 94.443410 1515.842183 3.030530
44.446397 94.014271 1515.240710 3.022836
44.687021 93.582843 1514.636155 3.015780
44.925080 93.149170 1514.028530 3.007739
45.155368 92.713327 1513.417834 2.999458
45.379240 92.275364 1512.804077 2.992051
45.592519 91.835375 1512.187261 2.987528
45.798567 91.393433 1511.567394 2.984180
46.003186 90.949541 1510.944444 2.980530
46.214659 90.503622 1510.318440 2.971786
46.419451 90.055740 1509.689346 2.965369
46.613035 89.605996 1509.057156 2.957440
46.803266 89.154420 1508.421899 2.949615
46.985137 88.701076 1507.783555 2.940544
47.171258 88.245913 1507.142127 2.931253
47.367138 87.788855 1506.497629 2.924208
47.557785 87.329950 1505.850075 2.918335
47.745432 86.869201 1505.199449 2.912077
47.934398 86.406597 1504.545748 2.907218
48.118776 85.942177 1503.888959 2.901860
48.302623 85.475937 1503.229035 2.895265
48.500940 85.007725 1502.566015 2.890837
48.695652 84.537561 1501.899908 2.886676
48.881180 84.065530 1501.230676 2.882141
49.066233 83.591628 1500.558306 2.878885
49.242283 83.115952 1499.882786 2.874086
49.415718 82.638522 1499.204129 2.867887
49.594482 82.159287 1498.522337 2.862753
49.761862 81.678364 1497.837422 2.856524
49.917610 81.195865 1497.149373 2.850869
50.067069 80.711871 1496.458181 2.847138
50.200904 80.226534 1495.763872 2.841520
50.322049 79.739992 1495.066423 2.836370
50.436168 79.252324 1494.365829 2.831612
50.549173 78.763534 1493.662082 2.827189
50.659016 78.273672 1492.955237 2.823281
50.768569 77.782732 1492.245243 2.817647
50.873258 77.290768 1491.532076 2.810919
50.977250 76.797795 1490.815732 2.804433
51.072274 76.303884 1490.096225 2.797660
51.162920 75.809071 1489.373527 2.791580
51.243109 75.313447 1488.647616 2.785283
51.312473 74.817111 1487.918483 2.778426
51.362041 74.320262 1487.186134 2.770506
51.393522 73.823075 1486.450585 2.763238
51.413277 73.325671 1485.711826 2.753290
51.429620 72.828084 1484.969831 2.746299
51.430922 72.330455 1484.224590 2.740042
51.420492 71.832901 1483.476074 2.734463
51.396913 71.335565 1482.724270 2.727930
51.359753 70.838581 1481.969157 2.719973
51.301517 70.342175 1481.210736 2.712578
51.250461 69.846260 1480.449013 2.708149
51.197470 69.350844 1479.683949 2.701409
51.128245 68.856114 1478.915562 2.696236
51.058291 68.362081 1478.143836 2.689612
50.969196 67.868958 1477.368783 2.684661
50.881846 67.376756 1476.590426 2.679314
50.795882 66.885465 1475.808766 2.673103
50.696630 66.395229 1475.023741 2.666273
50.569253 65.906359 1474.235347 2.659282
50.413643 65.419172 1473.443577 2.653278
50.248826 64.933779 1472.648456 2.645913
50.070602 64.450331 1471.849956 2.638505
49.891864 63.968853 1471.048093 2.630753
49.705236 63.489451 1470.242848 2.624175
49.499934 63.012352 1469.434231 2.617132
49.287540 62.537661 1468.622216 2.608682
49.046938 62.065708 1467.806784 2.600667
48.795226 61.596647 1466.987913 2.592018
48.518066 61.130771 1466.165600 2.583407
48.223161 60.668300 1465.339856 2.574105
47.910245 60.209458 1464.510676 2.564463
47.584208 59.754428 1463.678065 2.555049
47.240713 59.303424 1462.842026 2.545026
46.878313 58.856694 1462.002556 2.535790
46.497816 58.414476 1461.159636 2.526830
46.102075 57.976980 1460.313274 2.517687
45.697786 57.544348 1459.463445 2.508740
45.279750 57.116780 1458.610146 2.500720
44.841228 56.694542 1457.753380 2.492248
44.389487 56.277826 1456.893155 2.484387
43.918209 55.866881 1456.029455 2.476714
43.432990 55.461903 1455.162279 2.468405
42.930537 55.063128 1454.291603 2.460602
42.410708 54.670786 1453.417439 2.452270
41.875353 54.285093 1452.539762 2.444395
41.330815 53.906201 1451.658557 2.436976
40.766665 53.534357 1450.773819 2.429850
40.183741 53.169796 1449.885540 2.422884
39.583153 52.812741 1448.993714 2.415947
38.965613 52.463401 1448.098336 2.409019
38.332218 52.121972 1447.199399 2.401956
37.684163 51.788634 1446.296896 2.394973
37.022898 51.463555 1445.390823 2.388069
36.356446 51.146835 1444.481179 2.381287
35.685605 50.838565 1443.567962 2.374637
35.004852 50.538871 1442.651171 2.367935
34.315680 50.247863 1441.730801 2.361132
33.617645 49.965643 1440.806852 2.354091
32.911470 49.692300 1439.879321 2.346924
32.197833 49.427910 1438.948204 2.339780
31.478203 49.172531 1438.013496 2.332688
30.760809 48.926158 1437.075199 2.325800
30.038205 48.688828 1436.133309 2.318743
29.311697 48.460563 1435.187830 2.311652
28.583399 48.241365 1434.238760 2.304476
27.855268 48.031220 1433.286099 2.297245
27.129178 47.830096 1432.329845 2.289997
26.406396 47.637948 1431.369996 2.282696
25.688359 47.454720 1430.406547 2.275315
24.976898 47.280341 1429.439496 2.267926
24.273441 47.114724 1428.468842 2.260532
23.579549 46.957771 1427.494584 2.253082
22.896866 46.809371 1426.516718 2.245602
22.226543 46.669400 1425.535243 2.238185
21.570035 46.537723 1424.550156 2.230828
20.927688 46.414198 1423.561451 2.223433
20.300846 46.298676 1422.569125 2.216003
19.690440 46.190995 1421.573175 2.208644
19.097497 46.090989 1420.573602 2.201343
18.522892 45.998481 1419.570405 2.194151
17.966794 45.913293 1418.563585 2.187143
17.430276 45.835234 1417.553140 2.180353
16.914015 45.764111 1416.539068 2.173720
16.418717 45.699721 1415.521368 2.167238
15.944969 45.641858 1414.500040 2.160902
15.493317 45.590310 1413.475083 2.154683
15.064127 45.544861 1412.446495 2.148550
14.657299 45.505293 1411.414277 2.142474
14.272535 45.471386 1410.378428 2.136484
13.909536 45.442918 1409.338948 2.130583
13.567469 45.419670 1408.295837 2.124649
13.245790 45.401421 1407.249093 2.118668
12.943881 45.387951 1406.198716 2.112659
12.660917 45.379037 1405.144705 2.106701
12.396015 45.374462 1404.087059 2.100826
12.148167 45.374004 1403.025778 2.095040
11.916273 45.377448 1401.960863 2.089341
11.699354 45.384578 1400.892311 2.083705
11.496410 45.395184 1399.820123 2.078129
11.306188 45.409060 1398.744299 2.072624
11.127438 45.426003 1397.664837 2.067179
10.958954 45.445813 1396.581737 2.061803
10.799544 45.468295 1395.495000 2.056525
10.648045 45.493256 1394.404623 2.051330
10.503186 45.520512 1393.310607 2.046173
10.363901 45.549882 1392.212951 2.041044
10.229356 45.581189 1391.111653 2.035962
10.098827 45.614264 1390.006713 2.030954
9.971523 45.648941 1388.898130 2.026020
9.846863 45.685060 1387.785903 2.021150
9.724171 45.722466 1386.670029 2.016355
9.602926 45.761010 1385.550508 2.011635
9.482585 45.800548 1384.427336 2.006970
9.362687 45.840941 1383.300512 2.002358
9.242887 45.882055 1382.170035 1.997794
9.122882 45.923761 1381.035901 1.993281
9.002664 45.965940 1379.898109 1.988818
8.881959 46.008474 1378.756656 1.984409
8.760556 46.051254 1377.611540 1.980089
8.638330 46.094174 1376.462758 1.975869
8.515274 46.137134 1375.310308 1.971726
8.391277 46.180039 1374.154185 1.967663
8.266335 46.222799 1372.994386 1.963673
8.140543 46.265328 1371.830909 1.959736
8.013936 46.307548 1370.663749 1.955837
7.886567 46.349383 1369.492904 1.951978
7.758608 46.390762 1368.318372 1.948165
7.630136 46.431620 1367.140149 1.944398
7.501360 46.471896 1365.958233 1.940654
7.372472 46.511534 1364.772621 1.936933
7.243595 46.550482 1363.583312 1.933250
7.114868 46.588692 1362.390302 1.929611
6.986439 46.626120 1361.193589 1.926017
6.858461 46.662725 1359.993171 1.922466
6.731093 46.698470 1358.789044 1.918969
6.604509 46.733323 1357.581206 1.915540
6.479058 46.767254 1356.369654 1.912199
6.354978 46.800238 1355.154385 1.908944
6.232458 46.832253 1353.935396 1.905773
6.111655 46.863279 1352.712684 1.902686
5.992681 46.893302 1351.486245 1.899675
5.875670 46.922307 1350.256077 1.896743
5.760770 46.950284 1349.022175 1.893869
5.648099 46.977225 1347.784536 1.891044
5.537764 47.003125 1346.543156 1.888260
5.429859 47.027980 1345.298033 1.885514
5.324491 47.051790 1344.049163 1.882805
5.221765 47.074556 1342.796542 1.880129
5.121854 47.096283 1341.540167 1.877483
5.024888 47.116975 1340.280035 1.874861
4.930930 47.136641 1339.016143 1.872265
4.840020 47.155290 1337.748488 1.869692
4.752181 47.172932 1336.477066 1.867140
4.667449 47.189581 1335.201874 1.864606
4.585877 47.205250 1333.922908 1.862090
4.507524 47.219954 1332.640166 1.859593
4.432383 47.233709 1331.353644 1.857115
4.360434 47.246533 1330.063339 1.854655
4.291642 47.258443 1328.769249 1.852213
4.225959 47.269459 1327.471370 1.849788
4.163331 47.279602 1326.169699 1.847381
4.103691 47.288891 1324.864233 1.844991
4.046964 47.297348 1323.554969 1.842620
3.993065 47.304995 1322.241903 1.840270
3.941891 47.311855 1320.925033 1.837936
3.893336 47.317951 1319.604355 1.835617
3.847293 47.323307 1318.279866 1.833311
3.803651 47.327945 1316.951562 1.831019
3.762296 47.331891 1315.619440 1.828741
3.723107 47.335169 1314.283497 1.826475
3.685964 47.337802 1312.943730 1.824222
3.650714 47.339817 1311.600135 1.821977
3.617256 47.341237 1310.252710 1.819745
3.585480 47.342088 1308.901452 1.817527
3.555272 47.342394 1307.546358 1.815325
3.526512 47.342181 1306.187425 1.813138
3.499086 47.341472 1304.824651 1.810966
3.472881 47.340293 1303.458033 1.808808
3.447792 47.338667 1302.087567 1.806664
3.423717 47.336618 1300.713253 1.804535
3.400564 47.334171 1299.335085 1.802418
3.378237 47.331347 1297.953061 1.800315
3.356612 47.328172 1296.567179 1.798223
3.335563 47.324667 1295.177434 1.796141
3.315007 47.320855 1293.783823 1.794069
3.294873 47.316757 1292.386343 1.792006
3.275103 47.312396 1290.984992 1.789953
3.255646 47.307792 1289.579765 1.787904
3.236452 47.302965 1288.170659 1.785859
3.217435 47.297936 1286.757671 1.783823
3.198491 47.292725 1285.340798 1.781798
3.179568 47.287352 1283.920036 1.779782
3.160644 47.281835 1282.495381 1.777775
3.141703 47.276192 1281.066831 1.775777
3.122734 47.270442 1279.634382 1.773788
3.103671 47.264600 1278.198029 1.771812
3.084512 47.258684 1276.757772 1.769848
3.065263 47.252710 1275.313605 1.767897
3.045940 47.246694 1273.865526 1.765952
3.026557 47.240650 1272.413532 1.764014
3.007125 47.234592 1270.957619 1.762082
2.987646 47.228533 1269.497785 1.760161
2.968126 47.222488 1268.034026 1.758248
2.948577 47.216468 1266.566339 1.756342
2.928997 47.210485 1265.094721 1.754443
2.909389 47.204550 1263.619168 1.752551
2.889773 47.198675 1262.139678 1.750664
2.870172 47.192869 1260.656246 1.748784
2.850607 47.187142 1259.168870 1.746911
2.831098 47.181502 1257.677546 1.745044
2.811670 47.175958 1256.182271 1.743184
2.792345 47.170517 1254.683042 1.741331
2.773130 47.165186 1253.179855 1.739483
2.754043 47.159971 1251.672707 1.737640
2.735107 47.154879 1250.161595 1.735801
2.716393 47.149914 1248.646516 1.733975
2.697918 47.145081 1247.127465 1.732162
2.679700 47.140385 1245.604439 1.730365
2.661754 47.135830 1244.077435 1.728583
2.644094 47.131419 1242.546449 1.726817
2.626722 47.127155 1241.011478 1.725066
2.609651 47.123041 1239.472518 1.723329
2.592890 47.119078 1237.929565 1.721607
2.576448 47.115268 1236.382617 1.719901
2.560324 47.111613 1234.831669 1.718211
2.544504 47.108114 1233.276719 1.716533
2.528991 47.104771 1231.717763 1.714869
2.513791 47.101584 1230.154798 1.713221
2.498911 47.098555 1228.587820 1.711588
2.484353 47.095682 1227.016826 1.709969
2.470120 47.092965 1225.441813 1.708366
2.456213 47.090403 1223.862777 1.706777
2.442631 47.087995 1222.279715 1.705205
2.429364 47.085739 1220.692623 1.703655
2.416391 47.083633 1219.101498 1.702126
2.403710 47.081676 1217.506337 1.700621
2.391324 47.079865 1215.907135 1.699139
2.379228 47.078199 1214.303889 1.697681
2.367420 47.076675 1212.696597 1.696246
2.355894 47.075289 1211.085254 1.694834
2.344646 47.074039 1209.469857 1.693445
2.333669 47.072922 1207.850402 1.692079
2.322957 47.071934 1206.226886 1.690736
2.312503 47.071072 1204.599306 1.689417
2.302299 47.070333 1202.967658 1.688120
2.292337 47.069711 1201.331938 1.686846
2.282609 47.069205 1199.692144 1.685594
2.273106 47.068809 1198.048271 1.684366
2.263820 47.068519 1196.400317 1.683160
2.254739 47.068333 1194.748277 1.681976
2.245879 47.068245 1193.092148 1.680811
2.237244 47.068252 1191.431927 1.679664
2.228826 47.068350 1189.767611 1.678538
2.220612 47.068535 1188.099195 1.677434
2.212592 47.068804 1186.426676 1.676353
2.204759 47.069152 1184.750051 1.675294
2.197103 47.069576 1183.069317 1.674258
2.189616 47.070071 1181.384470 1.673245
2.182291 47.070635 1179.695506 1.672254
2.175119 47.071262 1178.002422 1.671285
2.168088 47.071949 1176.305215 1.670338
2.161191 47.072693 1174.603882 1.669413
2.154423 47.073489 1172.898418 1.668509
2.147779 47.074334 1171.188820 1.667628
2.141252 47.075224 1169.475086 1.666768
2.134837 47.076155 1167.757211 1.665930
2.128532 47.077125 1166.035193 1.665115
2.122328 47.078129 1164.309027 1.664321
2.116215 47.079163 1162.578710 1.663549
2.110185 47.080226 1160.844240 1.662802
2.104236 47.081313 1159.105612 1.662077
2.098342 47.082422 1157.362824 1.661375
2.092481 47.083549 1155.615872 1.660692
2.086646 47.084693 1153.864753 1.660028
2.080837 47.085850 1152.109464 1.659381
2.075054 47.087018 1150.350000 1.658753
2.069299 47.088195 1148.586359 1.658143
2.063573 47.089378 1146.818538 1.657551
2.057877 47.090565 1145.046533 1.656977
2.052211 47.091753 1143.270341 1.656421
2.046548 47.092940 1141.489958 1.655886
2.040878 47.094125 1139.705381 1.655371
2.035204 47.095305 1137.916607 1.654876
2.029532 47.096479 1136.123633 1.654402
2.023865 47.097644 1134.326455 1.653949
2.018204 47.098799 1132.525070 1.653516
2.012553 47.099942 1130.719475 1.653105
2.006914 47.101071 1128.909667 1.652714
2.001290 47.102186 1127.095642 1.652344
1.995682 47.103284 1125.277397 1.651995
1.990096 47.104365 1123.454929 1.651668
1.984535 47.105426 1121.628234 1.651364
1.979002 47.106468 1119.797310 1.651083
1.973498 47.107489 1117.962153 1.650824
1.968024 47.108488 1116.122759 1.650588
1.962582 47.109465 1114.279126 1.650375
1.957177 47.110418 1112.431250 1.650185
1.951813 47.111346 1110.579128 1.650017
1.946492 47.112250 1108.722756 1.649873
1.941213 47.113128 1106.862132 1.649751
1.935986 47.113980 1104.997253 1.649650
1.930821 47.114807 1103.128114 1.649569
1.925717 47.115607 1101.254714 1.649508
1.920673 47.116380 1099.377049 1.649467
1.915693 47.117128 1097.495115 1.649445
1.910780 47.117849 1095.608910 1.649442
1.905936 47.118543 1093.718430 1.649457
1.901162 47.119212 1091.823672 1.649491
1.896456 47.119854 1089.924634 1.649544
1.891830 47.120470 1088.021312 1.649616
1.887329 47.121061 1086.113703 1.649710
1.882947 47.121626 1084.201805 1.649825
1.878682 47.122165 1082.285613 1.649963
1.874528 47.122679 1080.365125 1.650121
1.870480 47.123169 1078.440339 1.650299
1.866537 47.123633 1076.511251 1.650498
1.862693 47.124074 1074.577858 1.650717
1.858950 47.124490 1072.640156 1.650957
1.855307 47.124883 1070.698144 1.651218
1.851778 47.125253 1068.751818 1.651502
1.848364 47.125600 1066.801175 1.651810
1.845060 47.125926 1064.846212 1.652142
1.841856 47.126230 1062.886926 1.652498
1.838748 47.126513 1060.923314 1.652876
1.835733 47.126776 1058.955372 1.653278
1.832806 47.127019 1056.983099 1.653703
1.829964 47.127243 1055.006490 1.654151
1.827204 47.127449 1053.025544 1.654622
1.824525 47.127636 1051.040256 1.655117
1.821922 47.127806 1049.050623 1.655639
1.819390 47.127959 1047.056644 1.656187
1.816928 47.128098 1045.058314 1.656762
1.814533 47.128221 1043.055630 1.657363
1.812202 47.128330 1041.048589 1.657990
1.809929 47.128426 1039.037189 1.658645
1.807712 47.128509 1037.021426 1.659328
1.805552 47.128581 1035.001297 1.660037
1.803447 47.128641 1032.976799 1.660774
1.801393 47.128691 1030.947929 1.661538
1.799389 47.128731 1028.914683 1.662329
1.797432 47.128761 1026.877059 1.663146
1.795522 47.128783 1024.835054 1.663988
1.793656 47.128797 1022.788663 1.664854
1.791834 47.128804 1020.737885 1.665744
1.790052 47.128803 1018.682715 1.666659
1.788309 47.128796 1016.623152 1.667598
1.786603 47.128782 1014.559191 1.668562
1.784915 47.128763 1012.490829 1.669550
1.783195 47.128738 1010.418063 1.670558
1.781446 47.128709 1008.340890 1.671587
1.779669 47.128674 1006.259306 1.672638
1.777866 47.128636 1004.173309 1.673710
1.776038 47.128594 1002.082895 1.674803
1.774188 47.128547 999.988060 1.675917
1.772316 47.128498 997.888802 1.677053
1.770425 47.128444 995.785116 1.678210
1.768515 47.128388 993.677000 1.679389
1.766590 47.128329 991.564451 1.680588
1.764651 47.128268 989.447464 1.681808
1.762699 47.128203 987.326037 1.683049
1.760745 47.128136 985.200167 1.684313
1.758791 47.128067 983.069849 1.685600
1.756831 47.127996 980.935080 1.686908
1.754860 47.127923 978.795856 1.688237
1.752870 47.127847 976.652175 1.689584
1.750861 47.127770 974.504031 1.690950
1.748836 47.127692 972.351423 1.692335
1.746795 47.127611 970.194345 1.693739
1.744738 47.127529 968.032796 1.695162
1.742667 47.127446 965.866770 1.696605
1.740583 47.127360 963.696265 1.698067
1.738486 47.127273 961.521276 1.699549
1.736377 47.127185 959.341801 1.701050
1.734256 47.127094 957.157835 1.702572
1.732122 47.127002 954.969376 1.704112
1.729974 47.126909 952.776418 1.705672
1.727813 47.126813 950.578959 1.707251
1.725640 47.126715 948.376995 1.708849
1.723456 47.126616 946.170523 1.710467
1.721262 47.126514 943.959538 1.712104
1.719053 47.126411 941.744037 1.713761
1.716818 47.126305 939.524017 1.715438
1.714559 47.126198 937.299474 1.717135
1.712277 47.126088 935.070404 1.718851
1.709970 47.125976 932.836804 1.720587
1.707612 47.125863 930.598670 1.722340
1.705190 47.125748 928.355999 1.724107
1.702734 47.125632 926.108786 1.725888
1.700253 47.125515 923.857028 1.727682
1.697751 47.125397 921.600721 1.729489
1.695231 47.125280 919.339862 1.731310
1.692697 47.125162 917.074447 1.733144
1.690151 47.125046 914.804472 1.734992
1.687597 47.124930 912.529932 1.736854
1.685038 47.124815 910.250825 1.738730
1.682469 47.124701 907.967147 1.740621
1.679880 47.124590 905.678893 1.742529
1.677283 47.124481 903.386061 1.744457
1.674686 47.124374 901.088647 1.746404
1.672090 47.124270 898.786646 1.748372
1.669498 47.124170 896.480056 1.750360
1.666912 47.124074 894.168873 1.752370
1.664336 47.123981 891.853093 1.754400
1.661775 47.123893 889.532713 1.756452
1.659229 47.123809 887.207728 1.758526
1.656702 47.123730 884.878135 1.760623
1.654194 47.123656 882.543931 1.762742
1.651708 47.123587 880.205112 1.764883
1.649245 47.123522 877.861674 1.767048
1.646808 47.123463 875.513613 1.769236
1.644400 47.123409 873.160926 1.771449
1.642027 47.123360 870.803609 1.773688
1.639688 47.123317 868.441658 1.775954
1.637387 47.123278 866.075069 1.778247
1.635124 47.123245 863.703839 1.780567
1.632900 47.123217 861.327965 1.782914
1.630716 47.123193 858.947441 1.785289
1.628575 47.123174 856.562265 1.787693
1.626487 47.123160 854.172432 1.790125
1.624450 47.123151 851.777940 1.792588
1.622466 47.123146 849.378783 1.795083
1.620534 47.123145 846.974958 1.797608
1.618640 47.123149 844.566461 1.800166
1.616786 47.123158 842.153288 1.802756
1.614975 47.123170 839.735435 1.805379
1.613190 47.123187 837.312898 1.808036
1.611428 47.123208 834.885674 1.810729
1.609692 47.123234 832.453758 1.813458
1.607983 47.123263 830.017147 1.816223
1.606304 47.123297 827.575836 1.819024
1.604656 47.123334 825.129823 1.821863
1.603032 47.123376 822.679102 1.824740
1.601430 47.123421 820.223670 1.827658
1.599853 47.123471 817.763523 1.830617
1.598303 47.123524 815.298657 1.833616
1.596782 47.123580 812.829069 1.836657
1.595291 47.123640 810.354754 1.839740
1.593831 47.123704 807.875709 1.842864
1.592406 47.123770 805.391929 1.846031
1.590992 47.123839 802.903412 1.849241
1.589593 47.123912 800.410152 1.852494
1.588214 47.123987 797.912146 1.855791
1.586861 47.124065 795.409389 1.859131
1.585536 47.124146 792.901879 1.862513
1.584242 47.124230 790.389610 1.865939
1.582978 47.124316 787.872578 1.869409
1.581746 47.124406 785.350780 1.872922
1.580547 47.124498 782.824211 1.876481
1.579382 47.124592 780.292867 1.880085
1.578251 47.124689 777.756743 1.883734
1.577153 47.124789 775.215837 1.887430
1.576089 47.124891 772.670143 1.891174
1.575060 47.124996 770.119658 1.894967
1.574067 47.125104 767.564376 1.898808
1.573112 47.125213 765.004295 1.902698
1.572195 47.125326 762.439410 1.906639
1.571317 47.125441 759.869716 1.910629
1.570480 47.125558 757.295210 1.914671
1.569683 47.125677 754.715887 1.918764
1.568927 47.125798 752.131743 1.922909
1.568214 47.125921 749.542775 1.927107
1.567543 47.126046 746.948977 1.931358
1.566931 47.126173 744.350345 1.935662
1.566378 47.126301 741.746876 1.940019
1.565884 47.126431 739.138566 1.944431
1.565447 47.126562 736.525409 1.948897
1.565066 47.126694 733.907403 1.953419
1.564742 47.126827 731.284544 1.957997
1.564472 47.126961 728.656826 1.962631
1.564256 47.127095 726.024245 1.967323
1.564092 47.127230 723.386799 1.972073
1.563981 47.127366 720.744482 1.976882
1.563922 47.127501 718.097290 1.981750
1.563913 47.127636 715.445219 1.986678
1.563953 47.127771 712.788266 1.991668
1.564042 47.127905 710.126425 1.996719
1.564179 47.128038 707.459693 2.001832
1.564364 47.128170 704.788066 2.007009
1.564594 47.128300 702.111539 2.012250
1.564870 47.128429 699.430107 2.017555
1.565191 47.128556 696.743768 2.022926
1.565556 47.128680 694.052517 2.028364
1.565965 47.128802 691.356349 2.033868
1.566421 47.128922 688.655260 2.039441
1.566925 47.129038 685.949246 2.045082
1.567479 47.129151 683.238303 2.050793
1.568077 47.129261 680.522426 2.056576
1.568694 47.129368 677.801611 2.062430
1.569330 47.129470 675.075855 2.068357
1.569983 47.129569 672.345152 2.074358
1.570654 47.129663 669.609498 2.080433
1.571343 47.129753 666.868888 2.086584
1.572048 47.129839 664.123320 2.092812
1.572770 47.129919 661.372787 2.099117
1.573507 47.129995 658.617286 2.105501
1.574261 47.130066 655.856812 2.111965
1.575030 47.130131 653.091361 2.118510
1.575815 47.130190 650.320929 2.125137
1.576614 47.130244 647.545511 2.131847
1.577429 47.130291 644.765102 2.138642
1.578256 47.130332 641.979699 2.145521
1.579095 47.130367 639.189297 2.152488
1.579940 47.130395 636.393891 2.159542
1.580790 47.130417 633.593477 2.166686
1.581646 47.130432 630.788050 2.173921
1.582507 47.130440 627.977606 2.181247
1.583373 47.130442 625.162140 2.188667
1.584246 47.130436 622.341647 2.196182
1.585124 47.130423 619.516124 2.203793
1.586009 47.130403 616.685566 2.211502
1.586899 47.130376 613.849967 2.219310
1.587796 47.130341 611.009324 2.227218
1.588700 47.130299 608.163631 2.235229
1.589610 47.130249 605.312885 2.243342
1.590526 47.130191 602.457080 2.251561
1.591448 47.130126 599.596212 2.259886
1.592377 47.130054 596.730277 2.268319
1.593313 47.129974 593.859268 2.276862
1.594257 47.129887 590.983183 2.285516
1.595207 47.129792 588.102015 2.294284
1.596157 47.129690 585.215761 2.303166
1.597101 47.129581 582.324416 2.312163
1.598039 47.129464 579.427974 2.321278
1.598973 47.129340 576.526431 2.330512
1.599904 47.129208 573.619783 2.339867
1.600831 47.129069 570.708023 2.349346
1.601757 47.128923 567.791148 2.358951
1.602682 47.128769 564.869153 2.368683
1.603599 47.128608 561.942032 2.378543
1.604506 47.128439 559.009781 2.388535
1.605402 47.128263 556.072395 2.398660
1.606290 47.128079 553.129869 2.408920
1.607170 47.127888 550.182198 2.419319
1.608045 47.127690 547.229377 2.429859
1.608915 47.127483 544.271402 2.440541
1.609781 47.127269 541.308267 2.451370
1.610646 47.127048 538.339967 2.462347
1.611510 47.126818 535.366498 2.473476
1.612375 47.126581 532.387854 2.484759
1.613241 47.126335 529.404031 2.496199
1.614110 47.126081 526.415023 2.507798
1.614982 47.125819 523.420826 2.519562
1.615859 47.125548 520.421435 2.531491
1.616741 47.125269 517.416844 2.543590
1.617629 47.124981 514.407050 2.555861
1.618523 47.124684 511.392046 2.568309
1.619414 47.124377 508.371828 2.580938
1.620300 47.124062 505.346390 2.593751
1.621181 47.123737 502.315729 2.606753
1.622060 47.123403 499.279839 2.619947
1.622938 47.123059 496.238715 2.633337
1.623817 47.122706 493.192352 2.646927
1.624697 47.122343 490.140746 2.660722
1.625579 47.121969 487.083891 2.674725
1.626466 47.121585 484.021782 2.688941
1.627358 47.121191 480.954414 2.703374
1.628254 47.120786 477.881783 2.718029
1.629152 47.120371 474.803884 2.732911
1.630053 47.119944 471.720711 2.748025
1.630958 47.119506 468.632261 2.763376
1.631869 47.119057 465.538527 2.778969
1.632787 47.118596 462.439506 2.794809
1.633710 47.118123 459.335192 2.810902
1.634604 47.117638 456.225580 2.827252
1.635472 47.117142 453.110665 2.843864
1.636316 47.116633 449.990442 2.860746
1.637139 47.116111 446.864907 2.877903
1.637943 47.115578 443.734054 2.895341
1.638732 47.115032 440.597878 2.913068
1.639498 47.114473 437.456375 2.931090
1.640224 47.113901 434.309538 2.949418
1.640914 47.113317 431.157364 2.968057
1.641573 47.112719 427.999847 2.987016
1.642204 47.112108 424.836983 3.006303
1.642810 47.111483 421.668765 3.025926
1.643396 47.110844 418.495191 3.045892
1.643965 47.110192 415.316253 3.066211
1.644519 47.109525 412.131949 3.086891
1.645062 47.108844 408.942272 3.107942
1.645597 47.108148 405.747219 3.129373
1.646126 47.107437 402.546784 3.151193
1.646652 47.106710 399.340962 3.173414
1.647179 47.105968 396.129750 3.196046
1.647709 47.105211 392.913141 3.219101
1.648244 47.104437 389.691133 3.242589
1.648785 47.103646 386.463719 3.266522
1.649321 47.102839 383.230896 3.290914
1.649845 47.102015 379.992660 3.315777
1.650360 47.101174 376.749006 3.341123
1.650869 47.100314 373.499929 3.366968
1.651376 47.099437 370.245426 3.393324
1.651883 47.098541 366.985492 3.420206
1.652393 47.097627 363.720124 3.447630
1.652900 47.096693 360.449316 3.475612
1.653400 47.095739 357.173066 3.504169
1.653894 47.094765 353.891370 3.533318
1.654387 47.093771 350.604224 3.563077
1.654881 47.092755 347.311623 3.593464
1.655380 47.091718 344.013565 3.624500
1.655885 47.090660 340.710047 3.656203
1.656400 47.089578 337.401064 3.688595
1.656926 47.088474 334.086613 3.721699
1.657463 47.087347 330.766693 3.755537
1.658013 47.086196 327.441299 3.790132
1.658583 47.085021 324.110430 3.825510
1.659173 47.083821 320.774082 3.861696
1.659786 47.082597 317.432255 3.898718
1.660417 47.081347 314.084945 3.936602
1.661068 47.080072 310.732150 3.975379
1.661743 47.078770 307.373870 4.015080
1.662443 47.077442 304.010102 4.055737
1.663172 47.076086 300.640846 4.097386
1.663931 47.074703 297.266099 4.140061
1.664724 47.073291 293.885863 4.183801
1.665552 47.071850 290.500136 4.228645
1.666419 47.070379 287.108918 4.274635
1.667327 47.068879 283.712210 4.321815
1.668278 47.067347 280.310012 4.370232
1.669276 47.065783 276.902325 4.419932
1.670323 47.064186 273.489151 4.470968
1.671424 47.062556 270.070491 4.523394
1.672568 47.060892 266.646349 4.577266
1.673753 47.059192 263.216726 4.632644
1.674983 47.057457 259.781625 4.689592
1.676261 47.055686 256.341052 4.748177
1.677593 47.053877 252.895010 4.808468
1.678995 47.052029 249.443504 4.870542
1.680472 47.050143 245.986542 4.934477
1.682029 47.048216 242.524129 5.000358
1.683668 47.046248 239.056274 5.068273
1.685395 47.044238 235.582985 5.138318
1.687232 47.042184 232.104272 5.210593
1.689186 47.040085 228.620146 5.285205
1.691261 47.037940 225.130619 5.362268
1.693461 47.035748 221.635705 5.441902
1.695787 47.033506 218.135419 5.524237
1.698245 47.031213 214.629776 5.609411
1.700842 47.028868 211.118796 5.697571
1.703585 47.026469 207.602497 5.788878
1.706482 47.024013 204.080903 5.883500
1.709544 47.021499 200.554037 5.981621
1.712778 47.018924 197.021925 6.083437
1.716198 47.016285 193.484597 6.189158
1.719813 47.013581 189.942085 6.299013
1.723637 47.010808 186.394425 6.413247
1.727685 47.007963 182.841654 6.532126
1.731972 47.005043 179.283817 6.655935
1.736504 47.002045 175.720959 6.784985
1.741299 46.998965 172.153133 6.919614
1.746378 46.995798 168.580397 7.060189
1.751765 46.992542 165.002812 7.207109
1.757484 46.989191 161.420449 7.360812
1.763559 46.985741 157.833385 7.521775
1.770016 46.982187 154.241705 7.690521
1.776890 46.978524 150.645503 7.867626
1.784217 46.974745 147.044885 8.053719
1.792040 46.970844 143.439968 8.249499
1.800405 46.966815 139.830880 8.455735
1.809362 46.962650 136.217769 8.673281
1.818971 46.958342 132.600796 8.903084
1.829293 46.953881 128.980144 9.146200
1.840402 46.949259 125.356018 9.403810
1.852377 46.944465 121.728648 9.677237
1.865319 46.939488 118.098297 9.967966
1.879333 46.934316 114.465261 10.277676
1.894527 46.928937 110.829876 10.608266
1.911005 46.923335 107.192529 10.961892
1.928910 46.917496 103.553659 11.341016
1.948406 46.911402 99.913777 11.748459
