947  920 955 4
941  938 934 4
982  887 946 2
960  955 946 4
979  952 956 3
945  889 960 2
969  891 932 2
978  940 980 1
930  903 946 4
986  905 926 2
951  904 949 2
963  905 919 2
932  927 968 4
951  897 981 1
932  925 946 4
932  906 968 4
958  933 936 4
959  882 948 2
955  940 964 4
963  935 951 4
980  904 974 1
1002  907 948 3
940  915 928 4
947  893 933 2
999  936 962 3
980  935 963 3
970  885 970 2
950  916 976 1
956  926 917 0
999  927 938 3
971  924 972 1
941  946 956 4
965  903 966 1
972  921 938 3
985  923 988 1
958  916 937 4
964  920 961 1
999  916 973 3
969  947 928 3
987  918 961 3
969  904 952 2
949  937 981 1
981  926 922 3
964  955 974 1
984  929 948 3
992  895 964 2
961  924 991 1
970  905 991 1
986  946 940 3
984  910 946 3
