88.836634 7.358162
88.753871 10.420915
88.594831 16.325714
88.361703 22.154057
88.055907 27.700468
87.680408 32.602630
87.237174 36.980023
86.728602 40.905008
86.156869 44.443355
85.523195 47.672768
84.828675 50.672695
84.075347 53.426035
83.265528 55.956790
82.400452 58.333758
81.482055 60.535189
80.512606 62.586827
79.494166 64.517254
78.427831 66.385807
77.314840 68.204393
76.156491 69.992082
74.955203 71.686330
73.713896 73.272580
72.434728 74.784231
71.120575 76.185825
69.774068 77.503221
68.399155 78.669230
67.000194 79.670134
65.580478 80.554809
64.144023 81.295433
62.695714 81.853646
61.240347 82.233510
59.784293 82.367635
58.333117 82.301873
56.893006 82.022792
55.470502 81.517704
54.072107 80.798257
52.705532 79.817111
51.378723 78.558064
50.099815 77.017930
48.877328 75.167620
47.719736 72.995985
46.634651 70.528069
45.628963 67.778870
44.709013 64.745624
43.879672 61.473839
43.144187 58.022705
42.504460 54.432626
41.960799 50.763683
41.511838 47.088257
41.154651 43.482726
40.884927 40.018301
40.697160 36.765299
40.584845 33.786438
40.540835 31.125265
40.557530 28.797981
40.627111 26.798430
40.741756 25.100991
40.893796 23.663456
41.075853 22.433354
41.280974 21.355694
41.502727 20.378526
41.735229 19.458318
41.973150 18.559177
42.211750 17.658353
42.446912 16.744412
42.675104 15.812003
42.893344 14.860883
43.099155 13.894693
43.290536 12.921568
43.465947 11.953034
43.624266 11.002739
43.764757 10.086138
43.887036 9.219360
43.991033 8.419343
44.076962 7.702981
44.145286 7.086145
44.196687 6.581551
44.232031 6.196280
44.252341 5.929016
44.258764 5.769690
44.252537 5.700559
44.234969 5.699217
44.207407 5.742135
44.171223 5.807598
44.127783 5.877465
44.078432 5.937773
44.024477 5.978417
43.967173 5.992566
43.907708 5.976624
43.847188 5.929285
43.786631 5.850909
43.726965 5.743095
43.669017 5.608737
43.613512 5.451405
43.561065 5.275451
43.512185 5.085616
43.467279 4.886534
43.426652 4.682951
43.390508 4.479485
43.358968 4.280132
43.332063 4.088585
43.309753 3.908088
43.291926 3.741197
43.278412 3.589678
43.268991 3.454432
43.263401 3.335609
43.261343 3.232845
43.262491 3.144964
43.266501 3.070320
43.273016 3.006992
43.281678 2.952893
43.292129 2.905903
43.304016 2.864179
43.317002 2.826177
43.330762 2.790613
43.344995 2.756460
43.359421 2.723008
43.373786 2.689896
43.387861 2.657020
43.401446 2.624501
43.414370 2.592529
43.426486 2.561382
43.437678 2.531301
43.447855 2.502562
43.456949 2.475372
43.464917 2.449918
43.471738 2.426353
43.477410 2.404844
43.481950 2.385302
43.485392 2.367649
43.487782 2.351751
43.489181 2.337387
43.489659 2.324352
43.489292 2.312367
43.488164 2.301145
43.486362 2.290476
43.483975 2.280098
43.481095 2.269846
43.477808 2.259617
43.474202 2.249256
43.470363 2.238732
43.466370 2.227972
43.462298 2.217020
43.458215 2.205951
43.454181 2.194822
43.450251 2.183694
43.446472 2.172651
43.442883 2.161802
43.439517 2.151175
43.436400 2.140851
43.433551 2.131000
43.430984 2.121604
43.428708 2.112647
43.426725 2.104105
43.425036 2.096037
43.423632 2.088485
43.422503 2.081449
43.421634 2.074910
43.421009 2.068790
43.420608 2.063048
43.420410 2.057667
43.420392 2.052622
43.420533 2.047887
43.420808 2.043486
43.421196 2.039500
43.421675 2.035943
43.422224 2.032784
43.422822 2.030000
43.423453 2.027583
43.424098 2.025515
43.424741 2.023785
43.425369 2.022420
43.425966 2.021428
43.426521 2.020799
43.427023 2.020550
43.427465 2.020652
43.427840 2.021068
43.428143 2.021813
43.428371 2.022870
43.428521 2.024191
43.428593 2.025780
43.428587 2.027665
43.428504 2.029854
43.428348 2.032301
43.428121 2.034995
43.427830 2.037852
43.427478 2.040884
43.427071 2.044146
43.426617 2.047602
43.426122 2.051200
43.425596 2.054857
43.425046 2.058606
43.424482 2.062489
43.423910 2.066512
43.423338 2.070696
43.422770 2.075045
43.422210 2.079552
43.421663 2.084212
43.421129 2.089013
43.420612 2.093956
43.420112 2.099067
43.419631 2.104361
43.419168 2.109888
43.418726 2.115659
43.418302 2.121647
43.417898 2.127819
43.417512 2.134204
43.417144 2.140774
43.416794 2.147496
43.416462 2.154348
43.416145 2.161465
43.415843 2.168836
43.415552 2.176409
43.415271 2.184207
43.414997 2.192279
43.414728 2.200518
43.414464 2.208869
43.414204 2.217374
43.413946 2.226036
43.413690 2.234833
43.413435 2.243703
43.413181 2.252658
43.412925 2.261706
43.412665 2.270881
43.412401 2.280188
43.412133 2.289605
43.411861 2.299150
43.411585 2.308809
43.411308 2.318506
43.411031 2.328131
43.410757 2.337723
43.410485 2.347331
43.410217 2.356974
43.409951 2.366700
43.409686 2.376476
43.409422 2.386332
43.409156 2.396277
43.408888 2.406405
43.408615 2.416769
43.408336 2.427341
43.408054 2.438032
43.407767 2.448856
43.407478 2.459748
43.407185 2.470648
43.406889 2.481552
43.406593 2.492594
43.406299 2.503735
43.406009 2.514977
43.405728 2.526325
43.405457 2.537794
43.405200 2.549367
43.404959 2.561074
43.404734 2.572987
43.404527 2.585115
43.404336 2.597479
43.404161 2.609974
43.403999 2.622611
43.403849 2.635431
43.403709 2.648502
43.403576 2.661726
43.403450 2.674860
43.403330 2.687992
43.403216 2.701175
43.403110 2.714367
43.403010 2.727590
43.402918 2.740911
43.402834 2.754388
43.402759 2.768060
43.402694 2.781960
43.402644 2.796022
43.402612 2.810269
43.402601 2.824727
43.402612 2.839425
43.402646 2.854435
43.402707 2.869729
43.402799 2.885204
43.402927 2.900798
43.403094 2.916500
43.403306 2.932350
43.403565 2.948345
43.403874 2.964480
43.404234 2.980756
43.404644 2.997129
43.405104 3.013558
43.405614 3.030004
43.406174 3.046500
43.406783 3.063064
43.407437 3.079664
43.408134 3.096261
43.408868 3.112839
43.409633 3.129349
43.410426 3.145678
43.411244 3.161822
43.412083 3.177651
43.412939 3.193065
43.413809 3.208091
43.414686 3.222833
43.415567 3.237294
43.416447 3.251461
43.417320 3.265326
43.418182 3.278906
43.419028 3.292109
43.419857 3.305018
43.420669 3.317750
43.421465 3.330229
43.422245 3.342428
43.423010 3.354500
43.423760 3.366561
43.424497 3.378689
43.425224 3.390850
43.425938 3.403066
43.426643 3.415381
43.427340 3.427815
43.428028 3.440301
43.428707 3.452840
43.429377 3.465478
43.430036 3.478324
43.430682 3.491429
43.431313 3.504856
43.431925 3.518727
43.432515 3.533060
43.433083 3.547904
43.433626 3.563174
43.434144 3.578913
43.434634 3.595143
43.435099 3.611877
43.435540 3.629111
43.435958 3.646945
43.436357 3.665535
43.436739 3.684889
43.437106 3.705063
43.437458 3.726142
43.437797 3.748138
43.438124 3.771031
43.438438 3.794905
43.438738 3.819820
43.439022 3.845852
43.439286 3.873094
43.439529 3.901586
43.439749 3.931191
43.439947 3.961883
43.440124 3.993659
43.440281 4.026607
43.440421 4.060776
43.440545 4.096189
43.440655 4.132874
43.440753 4.170850
43.440841 4.210139
43.440921 4.250729
43.440993 4.292538
43.441058 4.335551
43.441117 4.379775
43.441172 4.425100
43.441226 4.471491
43.441285 4.518804
43.441358 4.566891
43.441452 4.615690
43.441576 4.665393
43.441735 4.715993
43.441933 4.767460
43.442172 4.819525
43.442457 4.872212
43.442795 4.925217
43.443187 4.978380
43.443635 5.031720
43.444138 5.085053
43.444694 5.138395
43.445303 5.191903
43.445966 5.245903
43.446684 5.300283
43.447461 5.354701
43.448297 5.409047
43.449197 5.463342
43.450162 5.517961
43.451191 5.572958
43.452280 5.628201
43.453423 5.683727
43.454615 5.739455
43.455852 5.795123
43.457126 5.850651
43.458427 5.906011
43.459744 5.961131
43.461066 6.015931
43.462388 6.070443
43.463703 6.124559
43.465005 6.178443
43.466285 6.232025
43.467533 6.285498
43.468745 6.338872
43.469912 6.392120
43.471033 6.445378
43.472098 6.498769
43.473098 6.552289
43.474023 6.605870
43.474863 6.658938
43.475613 6.711046
43.476264 6.762216
43.476803 6.812337
43.477220 6.861564
43.477502 6.910090
43.477635 6.957861
43.477597 7.004626
43.477359 7.050839
43.476885 7.096655
43.476134 7.141984
43.475050 7.187022
43.473564 7.232046
43.471582 7.277415
43.468980 7.323812
43.465592 7.371954
43.461197 7.422804
43.455493 7.477547
