80.972548 7.623638
80.940390 8.910422
80.859965 12.132240
80.733231 15.593184
80.562310 18.844692
80.349476 21.778078
80.097035 24.374306
79.807362 26.652702
79.482391 28.655121
79.123168 30.453901
78.731435 32.020698
78.308289 33.414989
77.854807 34.669161
77.372711 35.770387
76.863787 36.725889
76.328976 37.598408
75.769277 38.396358
75.186411 39.097739
74.581333 39.746814
73.955032 40.366044
73.309193 40.915211
72.644708 41.436242
71.962363 41.934652
71.263780 42.379241
70.548998 42.843764
69.819418 43.273523
69.076508 43.662709
68.321444 44.011911
67.555568 44.322649
66.779210 44.640696
65.993682 44.915078
65.200343 45.140645
64.399754 45.371390
63.594027 45.526526
62.784661 45.631141
61.972192 45.724838
61.158457 45.745935
60.345802 45.673251
59.535273 45.567287
58.728077 45.425520
57.925891 45.226114
57.130572 44.962108
56.343977 44.630508
55.567210 44.267647
54.801712 43.857558
54.049609 43.365516
53.312963 42.791677
52.593699 42.145645
51.893293 41.447005
51.213342 40.688329
50.554345 39.926540
49.917732 39.106980
49.305019 38.221992
48.717295 37.293929
48.155597 36.319904
47.620602 35.317078
47.112809 34.292845
46.632533 33.254775
46.180051 32.198406
45.755438 31.134596
45.358764 30.055613
44.989946 28.966991
44.648773 27.875303
44.334852 26.788291
44.047630 25.713521
43.786403 24.657375
43.550332 23.626716
43.338463 22.628520
43.149766 21.667345
42.983128 20.748015
42.837372 19.874669
42.711291 19.049010
42.603632 18.271551
42.513127 17.542297
42.438500 16.859188
42.378485 16.219576
42.331840 15.620874
42.297339 15.060042
42.273791 14.532995
42.260058 14.036798
42.255073 13.567537
42.257828 13.120924
42.267373 12.694354
42.282814 12.285149
42.303315 11.891960
42.328092 11.513467
42.356417 11.148108
42.387606 10.794303
42.421026 10.450903
42.456095 10.116616
42.492285 9.790885
42.529127 9.473162
42.566211 9.163096
42.603166 8.860479
42.639668 8.565209
42.675436 8.277422
42.710227 7.996765
42.743831 7.723216
42.776069 7.456790
42.806794 7.197734
42.835889 6.946477
42.863262 6.703184
42.888844 6.467959
42.912590 6.241109
42.934476 6.022750
42.954498 5.813019
42.972676 5.611995
42.989044 5.419675
43.003646 5.235991
43.016538 5.060833
43.027784 4.894017
43.037458 4.735339
43.045641 4.584586
43.052416 4.441534
43.057872 4.305886
43.062100 4.177307
43.065192 4.055544
43.067242 3.940368
43.068340 3.831445
43.068581 3.728504
43.068055 3.631258
43.066849 3.539356
43.065048 3.452468
43.062734 3.370263
43.059985 3.292428
43.056876 3.218695
43.053475 3.148839
43.049848 3.082621
43.046056 3.019755
43.042156 2.959967
43.038204 2.903001
43.034248 2.848654
43.030333 2.796763
43.026500 2.747218
43.022783 2.699846
43.019215 2.654534
43.015822 2.611191
43.012626 2.569732
43.009647 2.530114
43.006901 2.492261
43.004399 2.456087
43.002150 2.421525
43.000159 2.388488
42.998428 2.356875
42.996958 2.326633
42.995746 2.297710
42.994786 2.270052
42.994071 2.243608
42.993594 2.218324
42.993343 2.194147
42.993306 2.171024
42.993472 2.148908
42.993828 2.127764
42.994361 2.107504
42.995059 2.088221
42.995911 2.069867
42.996907 2.052300
42.998038 2.035522
42.999295 2.019486
43.000666 2.004123
43.002142 1.989332
43.003712 1.975088
43.005367 1.961374
43.007096 1.948158
43.008890 1.935391
43.010740 1.923047
43.012636 1.911099
43.014569 1.899520
43.016531 1.888284
43.018511 1.877363
43.020503 1.866761
43.022497 1.856463
43.024485 1.846448
43.026461 1.836679
43.028419 1.827146
43.030350 1.817840
43.032251 1.808759
43.034116 1.799908
43.035940 1.791291
43.037719 1.782969
43.039450 1.774937
43.041130 1.767164
43.042757 1.759624
43.044328 1.752298
43.045842 1.745145
43.047299 1.738130
43.048696 1.731200
43.050035 1.724319
43.051314 1.717482
43.052535 1.710693
43.053698 1.703962
43.054804 1.697313
43.055855 1.690718
43.056853 1.684163
43.057800 1.677659
43.058698 1.671213
43.059550 1.664808
43.060357 1.658455
43.061122 1.652159
43.061848 1.645883
43.062535 1.639635
43.063186 1.633424
43.063801 1.627262
43.064382 1.621165
43.064929 1.615127
43.065441 1.609160
43.065920 1.603276
43.066363 1.597484
43.066772 1.591792
43.067143 1.586206
43.067477 1.580735
43.067772 1.575388
43.068025 1.570170
43.068236 1.565071
43.068404 1.560107
43.068527 1.555285
43.068603 1.550611
43.068632 1.546083
43.068610 1.541706
43.068535 1.537486
43.068406 1.533434
43.068221 1.529555
43.067976 1.525824
43.067670 1.522229
43.067301 1.518776
43.066866 1.515460
43.066362 1.512277
43.065788 1.509216
43.065141 1.506295
43.064420 1.503535
43.063620 1.500950
43.062739 1.498558
43.061774 1.496394
43.060719 1.494465
43.059571 1.492778
43.058326 1.491339
43.056976 1.490150
43.055517 1.489223
43.053942 1.488547
43.052244 1.488119
43.050415 1.487960
43.048447 1.488091
43.046329 1.488538
43.044053 1.489332
43.041605 1.490443
43.038976 1.491847
43.036150 1.493604
43.033115 1.495776
43.029855 1.498428
43.026350 1.501631
43.022581 1.505468
43.018527 1.510030
43.014162 1.515421
43.009459 1.521763
43.004388 1.529196
42.998914 1.537883
42.992998 1.548017
42.986596 1.559827
42.979660 1.573585
42.972131 1.589615
42.963947 1.608317
42.955029 1.630178
42.945291 1.655794
42.934629 1.685899
42.922917 1.721396
