991 961 128 1
990 950 122 1
967 986 82 4
949 995 126 4
955 989 81 4
974 973 106 1
983 959 88 1
974 971 94 1
979 953 124 3
976 951 88 1
993 979 132 2
985 999 124 2
967 983 102 4
958 984 107 4
963 980 95 4
980 978 80 1
953 984 94 4
958 976 82 4
979 940 122 3
940 947 112 3
939 981 89 4
944 998 118 4
968 964 98 1
985 979 120 2
983 993 134 2
988 996 88 1
964 959 90 1
991 950 100 1
972 971 78 1
962 975 115 4
953 977 119 4
938 991 115 4
976 966 114 1
963 948 91 3
982 982 136 2
951 956 83 3
942 984 127 4
983 971 138 2
957 969 94 4
935 980 119 4
983 947 106 1
954 943 130 3
957 1007 94 4
951 945 96 3
947 999 96 0
940 991 101 4
975 989 129 2
1003 967 114 1
940 975 133 3
957 971 106 4
1003 974 99 1
947 974 111 4
938 968 127 3
944 971 85 4
934 963 119 3
976 942 100 1
966 962 75 1
973 956 110 1
934 980 105 4
972 965 141 2
970 943 118 3
976 974 127 2
968 963 120 3
967 980 130 2
993 964 114 1
966 970 130 2
955 959 140 3
968 1012 121 2
965 940 107 3
965 1003 134 2
1001 984 115 1
995 999 111 2
995 992 102 1
996 974 89 1
964 959 112 3
979 1007 114 2
982 1003 103 2
992 982 105 1
971 991 145 2
962 987 141 2
978 957 139 2
953 974 141 2
958 964 126 3
947 970 99 4
948 957 128 3
971 949 134 3
971 1004 104 4
960 1007 109 4
980 992 113 2
990 969 101 1
954 961 110 3
945 958 97 3
937 965 103 3
970 996 118 2
952 992 140 2
975 1001 90 4
961 994 117 4
983 989 100 1
956 948 116 3
965 973 150 2
